# Image list with two lines of data per image:
#   IMAGE_ID, QW, QX, QY, QZ, TX, TY, TZ, CAMERA_ID, NAME
#   POINTS2D[] as (X, Y, POINT3D_ID)
# Number of images: 322, mean observations per image: 2826.2639751552797
257 -1.82018530 2.33752522 -2.50419494 1 frame_00257.png
256 -1.97367399 2.24781922 -2.29099566 1 frame_00256.png
255 -2.06028353 2.18447683 -2.13488788 1 frame_00255.png
254 -2.19436516 2.09182863 -1.82396486 1 frame_00254.png
253 -2.24849842 2.04292464 -1.70621171 1 frame_00253.png
252 -2.35408972 1.98492956 -1.49146174 1 frame_00252.png
251 -2.44493646 1.89484342 -1.34574094 1 frame_00251.png
250 -2.53831713 1.81687878 -1.16667061 1 frame_00250.png
249 -2.62283409 1.75137865 -0.98186872 1 frame_00249.png
248 -2.67991877 1.70414908 -0.86296401 1 frame_00248.png
247 -2.80130249 1.64551744 -0.64782626 1 frame_00247.png
246 -2.88104472 1.58608280 -0.49061467 1 frame_00246.png
245 -2.93469972 1.52490468 -0.33905362 1 frame_00245.png
244 -3.00009896 1.46322164 -0.11046809 1 frame_00244.png
243 -3.05163939 1.42560148 0.03754870 1 frame_00243.png
242 -3.13518650 1.35886117 0.31349537 1 frame_00242.png
241 -3.18733322 1.26904869 0.46902620 1 frame_00241.png
240 -3.21963706 1.19396208 0.68243465 1 frame_00240.png
239 -3.24674173 1.16106813 0.81352473 1 frame_00239.png
238 -3.27044714 1.11066124 0.93428217 1 frame_00238.png
237 -3.30391489 1.02338079 1.18632952 1 frame_00237.png
236 -3.32153966 0.96081665 1.32231525 1 frame_00236.png
235 -3.31994831 0.90667587 1.47461333 1 frame_00235.png
234 -3.28709555 0.86364803 1.61420876 1 frame_00234.png
233 -3.26444442 0.79267921 1.77506398 1 frame_00233.png
232 -3.26328738 0.76051407 1.87714102 1 frame_00232.png
231 -3.22620043 0.69174790 2.04360365 1 frame_00231.png
230 -3.15977614 0.60885607 2.23525936 1 frame_00230.png
229 -3.08417088 0.50717218 2.41829467 1 frame_00229.png
228 -3.02146659 0.40928494 2.57682874 1 frame_00228.png
227 -2.99658893 0.37446934 2.65088355 1 frame_00227.png
226 -2.91767241 0.26503680 2.88065532 1 frame_00226.png
225 -2.78277235 0.19314751 3.08585575 1 frame_00225.png
224 -2.63648582 0.09712698 3.27845888 1 frame_00224.png
223 -2.53767092 0.02923079 3.41458930 1 frame_00223.png
222 -2.35588946 -0.05563530 3.61627982 1 frame_00222.png
221 -2.11688189 -0.13601399 3.78347395 1 frame_00221.png
220 -1.88464234 -0.17247655 3.89078656 1 frame_00220.png
219 -1.73585580 -0.19609939 3.94622215 1 frame_00219.png
218 -1.50483805 -0.22842238 4.04723799 1 frame_00218.png
217 -1.26270364 -0.28278478 4.10456757 1 frame_00217.png
216 -1.05494766 -0.32810684 4.12957472 1 frame_00216.png
215 -0.80494352 -0.36884065 4.14819363 1 frame_00215.png
214 -0.60272758 -0.43020925 4.14376912 1 frame_00214.png
213 -0.41171186 -0.55229448 4.10591941 1 frame_00213.png
212 -0.20795698 -0.82568778 4.04123776 1 frame_00212.png
211 -0.04126655 -1.01653381 3.94302037 1 frame_00211.png
210 0.24252715 -1.18200074 3.69867348 1 frame_00210.png
209 0.40806528 -1.25366699 3.57512096 1 frame_00209.png
208 0.58713276 -1.40555522 3.44921275 1 frame_00208.png
207 0.81497903 -1.52902261 3.30254817 1 frame_00207.png
206 1.04890299 -1.63814439 3.07331253 1 frame_00206.png
205 1.22574899 -1.73611258 2.87890505 1 frame_00205.png
204 1.39965116 -1.80316940 2.73451011 1 frame_00204.png
203 1.63818941 -1.92132983 2.47967303 1 frame_00203.png
202 1.81365539 -1.90543680 2.23853724 1 frame_00202.png
201 1.94850603 -1.84604519 2.02931288 1 frame_00201.png
200 2.06346235 -1.78879049 1.81660209 1 frame_00200.png
199 2.17234746 -1.68434563 1.64102646 1 frame_00199.png
198 2.29392763 -1.63978192 1.41657039 1 frame_00198.png
197 2.37836686 -1.52414061 1.14392753 1 frame_00197.png
196 2.41826704 -1.45013074 0.93451909 1 frame_00196.png
195 2.49206552 -1.37956428 0.75390054 1 frame_00195.png
194 2.62626278 -1.27216355 0.39456284 1 frame_00194.png
193 2.70462106 -1.18439668 0.12084488 1 frame_00193.png
69 -0.57145861 1.35188227 -4.33686651 1 frame_00069.png
70 -0.31840200 1.34544493 -4.44495332 1 frame_00070.png
71 -0.10788819 1.37479098 -4.53726715 1 frame_00071.png
72 0.08719860 1.39606541 -4.63740322 1 frame_00072.png
73 0.30780478 1.41263128 -4.67960020 1 frame_00073.png
74 0.51724206 1.40638209 -4.65596826 1 frame_00074.png
75 0.70266954 1.36990103 -4.64893451 1 frame_00075.png
76 0.90204920 1.36257861 -4.63665299 1 frame_00076.png
77 1.19356545 1.33246996 -4.62383327 1 frame_00077.png
78 1.39858690 1.30929968 -4.57144580 1 frame_00078.png
79 1.54267381 1.28526034 -4.48388111 1 frame_00079.png
80 1.77467068 1.20917493 -4.36783658 1 frame_00080.png
81 1.99782956 1.17425777 -4.25989865 1 frame_00081.png
82 2.22553856 1.11324375 -4.15224378 1 frame_00082.png
83 2.39154075 1.07469224 -4.00416608 1 frame_00083.png
84 2.51285099 1.02701793 -3.83915402 1 frame_00084.png
85 2.69579410 0.93334413 -3.63766889 1 frame_00085.png
86 2.85513878 0.89015424 -3.50929332 1 frame_00086.png
87 3.09458787 0.79342406 -3.33905356 1 frame_00087.png
88 3.19986545 0.73804669 -3.18552150 1 frame_00088.png
89 3.27127680 0.65411997 -2.93540786 1 frame_00089.png
90 3.32342289 0.54330114 -2.74068078 1 frame_00090.png
91 3.39786747 0.47489313 -2.50097014 1 frame_00091.png
92 3.47962897 0.38091015 -2.27954210 1 frame_00092.png
93 3.51073928 0.29543744 -2.03911937 1 frame_00093.png
94 3.47904002 0.21952148 -1.79239287 1 frame_00094.png
95 3.44390872 0.12150307 -1.59594629 1 frame_00095.png
96 3.41433963 0.03730301 -1.33940800 1 frame_00096.png
97 3.40087659 -0.06314519 -1.10845487 1 frame_00097.png
98 3.36511895 -0.15219052 -0.87286445 1 frame_00098.png
99 3.29585798 -0.20895932 -0.64113429 1 frame_00099.png
100 3.21314792 -0.31361350 -0.43724777 1 frame_00100.png
101 3.14168437 -0.39052624 -0.21780085 1 frame_00101.png
102 3.06416968 -0.50044690 0.03949843 1 frame_00102.png
103 2.95796179 -0.58748904 0.22968150 1 frame_00103.png
104 2.78616588 -0.62668833 0.43064722 1 frame_00104.png
105 2.67572966 -0.68635393 0.59109197 1 frame_00105.png
106 2.59123870 -0.75560930 0.81402815 1 frame_00106.png
107 2.53505120 -0.85833693 1.03911775 1 frame_00107.png
108 2.45544908 -0.93663718 1.26268895 1 frame_00108.png
109 2.35318304 -0.98044726 1.44314953 1 frame_00109.png
110 2.24464122 -1.06738537 1.61288684 1 frame_00110.png
111 2.14854389 -1.12533810 1.80090586 1 frame_00111.png
112 2.05438314 -1.20248947 2.01013606 1 frame_00112.png
113 1.92323140 -1.29285303 2.25169423 1 frame_00113.png
114 1.74653080 -1.37279101 2.43493056 1 frame_00114.png
115 1.61099243 -1.47401230 2.55961160 1 frame_00115.png
116 1.46773033 -1.57540914 2.68699098 1 frame_00116.png
117 1.30999453 -1.72934814 2.80496777 1 frame_00117.png
118 1.11172183 -1.82165656 2.87283171 1 frame_00118.png
119 0.92334014 -1.89776775 2.91543290 1 frame_00119.png
120 0.71005015 -1.95154061 2.98519475 1 frame_00120.png
121 0.50948985 -1.99606486 3.08420392 1 frame_00121.png
122 0.21646116 -2.09808256 3.15423038 1 frame_00122.png
123 0.03535058 -2.10472647 3.15544075 1 frame_00123.png
124 -0.27333724 -2.09326505 3.11796676 1 frame_00124.png
125 -0.52783746 -2.07202200 3.12591459 1 frame_00125.png
126 -0.75107179 -2.07867614 3.12909911 1 frame_00126.png
127 -1.03377588 -2.05829210 3.08261623 1 frame_00127.png
258 -1.75453786 2.36513872 -2.58998891 1 frame_00258.png
1 2.39746643 -0.98585162 1.47745124 1 frame_00001.png
259 -1.54653023 2.43050806 -2.76630165 1 frame_00259.png
2 2.37953958 -0.99463642 1.51441039 1 frame_00002.png
260 -1.41363198 2.45385822 -2.89590457 1 frame_00260.png
3 2.32842045 -1.02498680 1.63059975 1 frame_00003.png
261 -1.27949771 2.48835152 -2.98776675 1 frame_00261.png
4 2.25421972 -1.06292892 1.78175131 1 frame_00004.png
262 -1.12129045 2.50492140 -3.09433711 1 frame_00262.png
5 2.16322297 -1.12086144 1.96315989 1 frame_00005.png
263 -0.92382034 2.50930536 -3.22597355 1 frame_00263.png
6 2.05437620 -1.15036137 2.11077288 1 frame_00006.png
294 3.23671537 1.08560016 -0.08514296 1 frame_00294.png
37 -3.37729932 -0.81099301 1.95050033 1 frame_00037.png
295 3.18896865 1.01483830 0.14684062 1 frame_00295.png
38 -3.45775340 -0.73592213 1.73402731 1 frame_00038.png
296 3.12039561 0.90921352 0.39461968 1 frame_00296.png
39 -3.47485387 -0.66024015 1.56015189 1 frame_00039.png
297 3.04274622 0.83238648 0.65016545 1 frame_00297.png
40 -3.43366964 -0.56814046 1.34535062 1 frame_00040.png
298 2.96361216 0.75178074 0.88571396 1 frame_00298.png
41 -3.41890227 -0.50718970 1.11988186 1 frame_00041.png
299 2.91482702 0.70529271 1.02191825 1 frame_00299.png
42 -3.45589279 -0.40667350 0.84768889 1 frame_00042.png
300 2.79761986 0.62452352 1.29405308 1 frame_00300.png
43 -3.47613768 -0.33545236 0.63514500 1 frame_00043.png
301 2.70128099 0.51934457 1.50947328 1 frame_00301.png
44 -3.44811582 -0.23609356 0.40976972 1 frame_00044.png
302 2.63928338 0.46987544 1.64869959 1 frame_00302.png
45 -3.39340670 -0.17089382 0.19669396 1 frame_00045.png
303 2.51262802 0.35740804 1.90611838 1 frame_00303.png
46 -3.35315122 -0.09222462 -0.06115827 1 frame_00046.png
304 2.45174929 0.31100476 2.00943903 1 frame_00304.png
47 -3.34404164 -0.02125378 -0.24726276 1 frame_00047.png
305 2.32935651 0.25750057 2.22896794 1 frame_00305.png
48 -3.30378140 0.06637036 -0.52868133 1 frame_00048.png
306 2.21877752 0.18605035 2.43288380 1 frame_00306.png
49 -3.21896795 0.13922586 -0.69788958 1 frame_00049.png
307 2.13917579 0.14363476 2.56636608 1 frame_00307.png
50 -3.11598447 0.18728423 -0.86066958 1 frame_00050.png
308 1.93522829 0.00859425 2.85182690 1 frame_00308.png
51 -2.99239925 0.25086909 -1.12074443 1 frame_00051.png
309 1.79951599 -0.03279495 2.98970157 1 frame_00309.png
52 -2.89834086 0.33739504 -1.37481299 1 frame_00052.png
68 -0.75634485 1.30623648 -4.26303123 1 frame_00068.png
322 -0.25969692 -1.48847572 3.70062932 1 frame_00322.png
65 -1.30405113 1.16625975 -3.80888248 1 frame_00065.png
67 -0.94253638 1.26568598 -4.11846533 1 frame_00067.png
321 -0.17415674 -1.45213896 3.69020138 1 frame_00321.png
64 -1.47172543 1.15794970 -3.66845009 1 frame_00064.png
66 -1.13130893 1.21250699 -3.94235303 1 frame_00066.png
320 -0.09418448 -1.37660752 3.70418827 1 frame_00320.png
63 -1.62931268 1.09809537 -3.54168614 1 frame_00063.png
319 0.03420872 -1.22929525 3.73244995 1 frame_00319.png
62 -1.76326649 1.03291019 -3.32562906 1 frame_00062.png
318 0.23295679 -1.01282878 3.73266863 1 frame_00318.png
61 -1.85638608 0.96280058 -3.15486675 1 frame_00061.png
317 0.39230335 -0.74217084 3.68261633 1 frame_00317.png
60 -1.97719729 0.89755868 -2.97184865 1 frame_00060.png
316 0.50722025 -0.59322750 3.63125494 1 frame_00316.png
59 -2.12200872 0.85070686 -2.80685506 1 frame_00059.png
315 0.73111178 -0.43458139 3.57651235 1 frame_00315.png
58 -2.26614827 0.76171041 -2.61991187 1 frame_00058.png
314 0.97187451 -0.29311223 3.54544734 1 frame_00314.png
57 -2.36080162 0.68325859 -2.38582470 1 frame_00057.png
313 1.16660007 -0.20102090 3.46391492 1 frame_00313.png
56 -2.45216197 0.58658508 -2.11978646 1 frame_00056.png
312 1.34874305 -0.11946619 3.34153672 1 frame_00312.png
55 -2.55663497 0.53469900 -1.93129861 1 frame_00055.png
311 1.46779435 -0.10657405 3.26546474 1 frame_00311.png
54 -2.67827598 0.49226389 -1.76490822 1 frame_00054.png
310 1.66735238 -0.05961731 3.11042621 1 frame_00310.png
53 -2.80593649 0.40776650 -1.59103344 1 frame_00053.png
293 3.27559206 1.20148692 -0.38557669 1 frame_00293.png
36 -3.29885708 -0.90523287 2.15249788 1 frame_00036.png
292 3.27888354 1.29355194 -0.60574109 1 frame_00292.png
35 -3.21734881 -0.99196183 2.37567265 1 frame_00035.png
291 3.26408902 1.39885338 -0.86184418 1 frame_00291.png
34 -3.13077856 -1.07004430 2.51802854 1 frame_00034.png
290 3.22891723 1.49114929 -1.10642517 1 frame_00290.png
33 -2.96945667 -1.12658583 2.66454785 1 frame_00033.png
289 3.20913136 1.53877629 -1.27386657 1 frame_00289.png
32 -2.77691385 -1.20739696 2.81432082 1 frame_00032.png
288 3.14241228 1.69488185 -1.56154481 1 frame_00288.png
31 -2.61708267 -1.26548321 2.97674791 1 frame_00031.png
287 3.09038137 1.75163846 -1.69562965 1 frame_00287.png
30 -2.46898636 -1.35366946 3.14778215 1 frame_00030.png
286 3.02115946 1.82541162 -1.87684378 1 frame_00286.png
29 -2.29131388 -1.41673603 3.24365143 1 frame_00029.png
285 2.91177970 1.92715586 -2.11251989 1 frame_00285.png
28 -2.00382730 -1.45030438 3.30352305 1 frame_00028.png
284 2.83656151 1.97297071 -2.26685967 1 frame_00284.png
27 -1.78365044 -1.47061820 3.33269646 1 frame_00027.png
283 2.73628776 2.05897786 -2.41845639 1 frame_00283.png
26 -1.56913408 -1.47760270 3.38317693 1 frame_00026.png
282 2.59863152 2.11591160 -2.57600233 1 frame_00282.png
25 -1.39883265 -1.51567492 3.40030453 1 frame_00025.png
281 2.42295902 2.18849420 -2.77109540 1 frame_00281.png
24 -1.15390088 -1.50283823 3.38177598 1 frame_00024.png
280 2.30242712 2.22676552 -2.88328899 1 frame_00280.png
23 -0.91448589 -1.50398233 3.36836226 1 frame_00023.png
279 2.08343477 2.26647884 -3.06048196 1 frame_00279.png
22 -0.72472725 -1.51465660 3.39673640 1 frame_00022.png
278 1.81105035 2.35970071 -3.25194362 1 frame_00278.png
21 -0.54761689 -1.52865882 3.44776100 1 frame_00021.png
277 1.67192363 2.38210014 -3.33308549 1 frame_00277.png
20 -0.40195986 -1.56300215 3.46117033 1 frame_00020.png
276 1.43955131 2.43081100 -3.45192677 1 frame_00276.png
19 -0.17990942 -1.53739405 3.40785217 1 frame_00019.png
275 1.25152617 2.46690451 -3.52503165 1 frame_00275.png
18 -0.02177800 -1.51478606 3.34883212 1 frame_00018.png
274 1.08364105 2.48584012 -3.57976512 1 frame_00274.png
17 0.19354930 -1.49127830 3.29019647 1 frame_00017.png
273 0.82540504 2.50155218 -3.57577813 1 frame_00273.png
16 0.37322793 -1.49229669 3.27446193 1 frame_00016.png
272 0.68048190 2.50291285 -3.58261149 1 frame_00272.png
15 0.56297528 -1.50616582 3.23179625 1 frame_00015.png
271 0.52031225 2.52286491 -3.58934238 1 frame_00271.png
14 0.78776459 -1.46875339 3.13735510 1 frame_00014.png
270 0.30469366 2.52986711 -3.59841337 1 frame_00270.png
13 0.99758099 -1.45436619 3.03044966 1 frame_00013.png
269 0.14553846 2.53964571 -3.59796213 1 frame_00269.png
12 1.15568514 -1.43810640 2.97624355 1 frame_00012.png
268 -0.08921567 2.55757587 -3.55108580 1 frame_00268.png
11 1.35397585 -1.42555086 2.90416867 1 frame_00011.png
267 -0.19530193 2.55954105 -3.53086249 1 frame_00267.png
10 1.50980735 -1.40943994 2.79991403 1 frame_00010.png
266 -0.41986053 2.57147498 -3.47894426 1 frame_00266.png
9 1.63516087 -1.32141150 2.63713042 1 frame_00009.png
265 -0.59302638 2.55993530 -3.43055377 1 frame_00265.png
8 1.75050721 -1.26367336 2.45458776 1 frame_00008.png
264 -0.77707176 2.53852065 -3.32579857 1 frame_00264.png
7 1.89702890 -1.18286760 2.26960837 1 frame_00007.png
128 -1.23783593 -1.99886601 3.00272401 1 frame_00128.png
129 -1.43674873 -1.96154287 2.89408419 1 frame_00129.png
130 -1.71042532 -1.89519981 2.77227502 1 frame_00130.png
131 -1.92732862 -1.85102880 2.66967378 1 frame_00131.png
132 -2.11470067 -1.77840465 2.54049040 1 frame_00132.png
133 -2.26618854 -1.70418083 2.36102164 1 frame_00133.png
134 -2.43306397 -1.61324338 2.14289759 1 frame_00134.png
135 -2.61953180 -1.52653391 1.94475931 1 frame_00135.png
136 -2.74131497 -1.45975575 1.73727352 1 frame_00136.png
137 -2.80261046 -1.33258131 1.45986318 1 frame_00137.png
138 -2.83149383 -1.26345702 1.23877473 1 frame_00138.png
139 -2.88167106 -1.14983825 1.01213095 1 frame_00139.png
140 -2.94295651 -1.06607956 0.75998611 1 frame_00140.png
141 -2.95774574 -0.97902371 0.55350717 1 frame_00141.png
142 -2.93649130 -0.88968041 0.31930380 1 frame_00142.png
143 -2.91206360 -0.80743789 0.06832022 1 frame_00143.png
144 -2.87554249 -0.70488110 -0.15587692 1 frame_00144.png
145 -2.82682956 -0.60753325 -0.46225493 1 frame_00145.png
146 -2.75647509 -0.51700303 -0.68225350 1 frame_00146.png
147 -2.64333793 -0.43968573 -0.96498372 1 frame_00147.png
148 -2.57262966 -0.42029343 -1.15653387 1 frame_00148.png
149 -2.53264376 -0.36109252 -1.44535625 1 frame_00149.png
150 -2.49159879 -0.30530738 -1.67051162 1 frame_00150.png
151 -2.43791203 -0.21663406 -1.89217962 1 frame_00151.png
152 -2.32998782 -0.13508136 -2.15472762 1 frame_00152.png
153 -2.26920068 -0.06593058 -2.32719668 1 frame_00153.png
154 -2.19429633 0.03517350 -2.54778728 1 frame_00154.png
155 -2.09658431 0.10043089 -2.76094299 1 frame_00155.png
156 -1.97649798 0.19824197 -2.94531960 1 frame_00156.png
157 -1.78417979 0.26697944 -3.18202458 1 frame_00157.png
158 -1.67478859 0.34052604 -3.33357385 1 frame_00158.png
159 -1.56024172 0.41356093 -3.53314023 1 frame_00159.png
160 -1.40656789 0.50120185 -3.73495569 1 frame_00160.png
161 -1.28123876 0.56858884 -3.86809391 1 frame_00161.png
162 -1.04346888 0.62539231 -4.08034307 1 frame_00162.png
163 -0.93368935 0.69516002 -4.20332198 1 frame_00163.png
164 -0.73225074 0.75817520 -4.39139251 1 frame_00164.png
165 -0.56776121 0.81481287 -4.48232791 1 frame_00165.png
166 -0.26892230 0.82590695 -4.59824776 1 frame_00166.png
167 -0.03981906 0.83499635 -4.63813608 1 frame_00167.png
168 0.23661731 0.83145431 -4.67439934 1 frame_00168.png
169 0.49490813 0.80444038 -4.66415439 1 frame_00169.png
170 0.67714816 0.78217583 -4.61909988 1 frame_00170.png
171 0.96866016 0.67920404 -4.51383003 1 frame_00171.png
172 1.22506400 0.64378986 -4.42837882 1 frame_00172.png
173 1.49064676 0.58852291 -4.34355453 1 frame_00173.png
174 1.71320237 0.55086991 -4.21030251 1 frame_00174.png
175 1.90454348 0.50452751 -4.05467815 1 frame_00175.png
176 2.11174398 0.41033168 -3.89393502 1 frame_00176.png
177 2.29891083 0.33487129 -3.71111723 1 frame_00177.png
178 2.45926523 0.23946512 -3.53182552 1 frame_00178.png
179 2.58882420 0.19373448 -3.31922215 1 frame_00179.png
180 2.74024784 0.07564834 -3.04003516 1 frame_00180.png
181 2.82756034 0.01018711 -2.84779174 1 frame_00181.png
182 2.95234939 -0.05087071 -2.63473632 1 frame_00182.png
183 3.07629520 -0.18368270 -2.37666543 1 frame_00183.png
184 3.11089685 -0.25971013 -2.13936574 1 frame_00184.png
185 3.11710195 -0.34959659 -1.92148059 1 frame_00185.png
186 3.11941492 -0.45600653 -1.64462200 1 frame_00186.png
187 3.14213650 -0.54657234 -1.37697406 1 frame_00187.png
188 3.14157001 -0.65684366 -1.12453865 1 frame_00188.png
189 3.07221966 -0.73991852 -0.84496744 1 frame_00189.png
190 3.00888484 -0.80678862 -0.70964925 1 frame_00190.png
191 2.89108679 -0.98110918 -0.37976718 1 frame_00191.png
192 2.80637446 -1.06574810 -0.12263829 1 frame_00192.png
