# Image list with two lines of data per image:
#   IMAGE_ID, QW, QX, QY, QZ, TX, TY, TZ, CAMERA_ID, NAME
#   POINTS2D[] as (X, Y, POINT3D_ID)
# Number of images: 322, mean observations per image: 2826.2639751552797
257 1.50252823 -0.86052131 -2.81342366 1 frame_00257.png
256 1.63867577 -0.86493029 -2.61648281 1 frame_00256.png
255 1.71604644 -0.86869765 -2.47260546 1 frame_00255.png
254 1.83525751 -0.90100601 -2.19611768 1 frame_00254.png
253 1.88404001 -0.90236977 -2.08704744 1 frame_00253.png
252 1.97723026 -0.93014945 -1.89820931 1 frame_00252.png
251 2.05973694 -0.90943312 -1.75417971 1 frame_00251.png
250 2.14363692 -0.90920482 -1.58734647 1 frame_00250.png
249 2.21920893 -0.92031622 -1.41975795 1 frame_00249.png
248 2.27043718 -0.92353957 -1.31034837 1 frame_00248.png
247 2.37725622 -0.95175109 -1.12125494 1 frame_00247.png
246 2.44849894 -0.95864044 -0.97762909 1 frame_00246.png
245 2.49739958 -0.96097958 -0.83754576 1 frame_00245.png
244 2.55613260 -0.98815735 -0.63578712 1 frame_00244.png
243 2.60195230 -1.00808736 -0.50603385 1 frame_00243.png
242 2.67639468 -1.04730818 -0.26501471 1 frame_00242.png
241 2.72553028 -1.02794679 -0.11257950 1 frame_00241.png
240 2.75655646 -1.03784318 0.08184412 1 frame_00240.png
239 2.78115057 -1.05487419 0.19692750 1 frame_00239.png
238 2.80380674 -1.05442371 0.30938310 1 frame_00238.png
237 2.83634132 -1.06698970 0.53863748 1 frame_00237.png
236 2.85435988 -1.06137593 0.66727597 1 frame_00236.png
235 2.85531458 -1.06671980 0.80660677 1 frame_00235.png
234 2.82880511 -1.07526864 0.93272335 1 frame_00234.png
233 2.81250566 -1.06880678 1.08462999 1 frame_00233.png
232 2.81284463 -1.07567956 1.17670039 1 frame_00232.png
231 2.78397578 -1.07202551 1.33263216 1 frame_00231.png
230 2.73051429 -1.06361883 1.51373963 1 frame_00230.png
229 2.67019971 -1.03695665 1.69409436 1 frame_00229.png
228 2.62088357 -1.00616066 1.85339634 1 frame_00228.png
227 2.60105578 -1.00072533 1.92425260 1 frame_00227.png
226 2.53812422 -0.98264496 2.14457863 1 frame_00226.png
225 2.42506205 -0.98382519 2.33414425 1 frame_00225.png
224 2.30355269 -0.96109542 2.52151278 1 frame_00224.png
223 2.22161478 -0.94524334 2.65387785 1 frame_00223.png
222 2.06890783 -0.93250195 2.84554485 1 frame_00222.png
221 1.86682833 -0.90935552 3.00907983 1 frame_00221.png
220 1.66843718 -0.90251650 3.11050277 1 frame_00220.png
219 1.54140301 -0.89366630 3.16489707 1 frame_00219.png
218 1.34386475 -0.88818600 3.25993315 1 frame_00218.png
217 1.13812181 -0.85053875 3.32719330 1 frame_00217.png
216 0.96161487 -0.81155909 3.36510808 1 frame_00216.png
215 0.74851307 -0.77201950 3.39713149 1 frame_00215.png
214 0.57776060 -0.71108449 3.41650288 1 frame_00214.png
213 0.42006816 -0.59149734 3.42830812 1 frame_00213.png
212 0.25970114 -0.34170398 3.46715970 1 frame_00212.png
211 0.12691042 -0.14909537 3.45216904 1 frame_00211.png
210 -0.10748909 0.07601659 3.31392132 1 frame_00210.png
209 -0.24563522 0.18138842 3.24054464 1 frame_00209.png
208 -0.39107932 0.35234811 3.19112828 1 frame_00208.png
207 -0.57997299 0.50974750 3.11680381 1 frame_00207.png
206 -0.77454743 0.68240130 2.97184644 1 frame_00206.png
205 -0.92072440 0.83204714 2.85029299 1 frame_00205.png
204 -1.06623789 0.94083252 2.75888346 1 frame_00204.png
203 -1.26419420 1.12913922 2.59637896 1 frame_00203.png
202 -1.41515788 1.20263074 2.40099605 1 frame_00202.png
201 -1.53363535 1.22903986 2.21661784 1 frame_00201.png
200 -1.63485610 1.25724358 2.02980326 1 frame_00200.png
199 -1.73355060 1.23552935 1.85756493 1 frame_00199.png
198 -1.83974067 1.27797816 1.66550339 1 frame_00198.png
197 -1.91760990 1.27709377 1.41152483 1 frame_00197.png
196 -1.95513348 1.28696450 1.22077412 1 frame_00196.png
195 -2.02176851 1.29213325 1.05474303 1 frame_00195.png
194 -2.14168512 1.32813804 0.73475832 1 frame_00194.png
193 -2.21280683 1.34956768 0.48872299 1 frame_00193.png
69 0.48808380 0.57819395 -3.94631981 1 frame_00069.png
70 0.27100144 0.63099715 -4.02670937 1 frame_00070.png
71 0.08854613 0.64794786 -4.10659023 1 frame_00071.png
72 -0.08016012 0.67305557 -4.19041204 1 frame_00072.png
73 -0.27081156 0.68471655 -4.22589514 1 frame_00073.png
74 -0.45087446 0.69298556 -4.20153587 1 frame_00074.png
75 -0.60856550 0.72949088 -4.18120998 1 frame_00075.png
76 -0.77986654 0.74172799 -4.16576577 1 frame_00076.png
77 -1.02925848 0.77677473 -4.14110231 1 frame_00077.png
78 -1.20471838 0.78914626 -4.08837330 1 frame_00078.png
79 -1.32781156 0.78781046 -4.00818344 1 frame_00079.png
80 -1.52388473 0.82352130 -3.88711208 1 frame_00080.png
81 -1.71454431 0.82845522 -3.78583059 1 frame_00081.png
82 -1.90770810 0.85457853 -3.67636501 1 frame_00082.png
83 -2.04912345 0.84662406 -3.54270181 1 frame_00083.png
84 -2.15163657 0.83823551 -3.39328997 1 frame_00084.png
85 -2.30486627 0.85814412 -3.19895499 1 frame_00085.png
86 -2.44022093 0.85985497 -3.07970308 1 frame_00086.png
87 -2.64180796 0.89512260 -2.90849765 1 frame_00087.png
88 -2.73005605 0.89573492 -2.76608475 1 frame_00088.png
89 -2.78798699 0.88653013 -2.53773275 1 frame_00089.png
90 -2.82765745 0.91554276 -2.34547769 1 frame_00090.png
91 -2.88899806 0.89741536 -2.13036739 1 frame_00091.png
92 -2.95518165 0.90596005 -1.92161432 1 frame_00092.png
93 -2.97829481 0.89900648 -1.70119231 1 frame_00093.png
94 -2.94787649 0.87914820 -1.47980186 1 frame_00094.png
95 -2.91310811 0.89286375 -1.29168791 1 frame_00095.png
96 -2.88411444 0.87660035 -1.05975583 1 frame_00096.png
97 -2.86800603 0.88234271 -0.84286662 1 frame_00097.png
98 -2.83333926 0.87633271 -0.62627006 1 frame_00098.png
99 -2.77155999 0.84402070 -0.42362522 1 frame_00099.png
100 -2.69550097 0.85820120 -0.22821061 1 frame_00100.png
101 -2.63068687 0.84580825 -0.02900757 1 frame_00101.png
102 -2.55902767 0.84738467 0.21096488 1 frame_00102.png
103 -2.46363755 0.85065253 0.38939040 1 frame_00103.png
104 -2.31441311 0.80883106 0.56009699 1 frame_00104.png
105 -2.21674589 0.79950492 0.70588399 1 frame_00105.png
106 -2.14114446 0.77920046 0.90522292 1 frame_00106.png
107 -2.08810743 0.78643096 1.11744296 1 frame_00107.png
108 -2.01622804 0.77340730 1.32025998 1 frame_00108.png
109 -1.92653190 0.74542603 1.47715119 1 frame_00109.png
110 -1.82905695 0.75502923 1.63912560 1 frame_00110.png
111 -1.74393637 0.73625611 1.80669083 1 frame_00111.png
112 -1.65952850 0.72614778 1.99741341 1 frame_00112.png
113 -1.54268811 0.71434958 2.21764930 1 frame_00113.png
114 -1.38696671 0.71051410 2.38708551 1 frame_00114.png
115 -1.26529849 0.74455054 2.51708446 1 frame_00115.png
116 -1.13698203 0.77746486 2.64917467 1 frame_00116.png
117 -0.99332497 0.85464359 2.79027905 1 frame_00117.png
118 -0.81790468 0.89648208 2.87088550 1 frame_00118.png
119 -0.65177575 0.93396280 2.92624130 1 frame_00119.png
120 -0.46551931 0.94360977 2.99581252 1 frame_00120.png
121 -0.29083848 0.93716687 3.08606873 1 frame_00121.png
122 -0.03332485 0.98117555 3.16995692 1 frame_00122.png
123 0.12295019 0.97673370 3.17008206 1 frame_00123.png
124 0.38823208 0.96359198 3.13134272 1 frame_00124.png
125 0.60615367 0.93090518 3.12675507 1 frame_00125.png
126 0.79868629 0.92366164 3.12777500 1 frame_00126.png
127 1.04115147 0.90761170 3.07939381 1 frame_00127.png
258 1.44485807 -0.85176265 -2.88990094 1 frame_00258.png
1 -1.96449978 0.74106599 1.50708300 1 frame_00001.png
259 1.26294477 -0.83687534 -3.04862386 1 frame_00259.png
2 -1.94873774 0.73534129 1.53920451 1 frame_00002.png
260 1.14778207 -0.80721881 -3.15773416 1 frame_00260.png
3 -1.90354773 0.71980058 1.64114462 1 frame_00003.png
261 1.03080259 -0.79847764 -3.24014861 1 frame_00261.png
4 -1.83821452 0.69795347 1.77314088 1 frame_00004.png
262 0.89412646 -0.76945818 -3.32822643 1 frame_00262.png
5 -1.75745996 0.68154221 1.93548741 1 frame_00005.png
263 0.72440723 -0.72064903 -3.43184956 1 frame_00263.png
6 -1.66274224 0.65228584 2.06138453 1 frame_00006.png
294 -2.79288970 -0.37181846 -0.39270497 1 frame_00294.png
37 2.99573111 0.15132817 1.73560101 1 frame_00037.png
295 -2.74887625 -0.39191192 -0.18503477 1 frame_00295.png
38 3.06179265 0.15638589 1.53688018 1 frame_00038.png
296 -2.68510967 -0.39026261 0.04608497 1 frame_00296.png
39 3.07311015 0.15060736 1.37312806 1 frame_00039.png
297 -2.61511802 -0.41458956 0.27407908 1 frame_00297.png
40 3.03352380 0.14780710 1.17229948 1 frame_00040.png
298 -2.54356438 -0.42957658 0.48723558 1 frame_00298.png
41 3.01840765 0.17195498 0.97244227 1 frame_00041.png
299 -2.49959009 -0.43849651 0.61040341 1 frame_00299.png
42 3.04589536 0.17673885 0.72166648 1 frame_00042.png
300 -2.39539520 -0.46702334 0.85229872 1 frame_00300.png
43 3.06031475 0.18673142 0.52830945 1 frame_00043.png
301 -2.30762036 -0.45681698 1.05689765 1 frame_00301.png
44 3.03170927 0.18082895 0.31647529 1 frame_00044.png
302 -2.25212199 -0.46500346 1.18322233 1 frame_00302.png
45 2.98192769 0.19968187 0.12584346 1 frame_00045.png
303 -2.13801966 -0.46397059 1.42329905 1 frame_00303.png
46 2.94403841 0.22133989 -0.10519943 1 frame_00046.png
304 -2.08350791 -0.46306645 1.51989771 1 frame_00304.png
47 2.93309476 0.22459449 -0.27681433 1 frame_00047.png
305 -1.97611499 -0.49683381 1.71085459 1 frame_00305.png
48 2.89481044 0.24663087 -0.52959732 1 frame_00048.png
306 -1.87785980 -0.51064941 1.89522958 1 frame_00306.png
49 2.81852335 0.24688988 -0.68703808 1 frame_00049.png
307 -1.80756465 -0.52354824 2.01441102 1 frame_00307.png
50 2.72790954 0.26585707 -0.83111021 1 frame_00050.png
308 -1.62581056 -0.51743494 2.28289753 1 frame_00308.png
51 2.61910557 0.30459487 -1.05775015 1 frame_00051.png
309 -1.50728207 -0.53546098 2.40435079 1 frame_00309.png
52 2.53445659 0.32154401 -1.28739022 1 frame_00052.png
68 0.64943122 0.58150972 -3.87561606 1 frame_00068.png
322 0.34145542 0.29443440 3.40516069 1 frame_00322.png
65 1.12672913 0.51983964 -3.47604346 1 frame_00065.png
67 0.81134599 0.55806251 -3.74989709 1 frame_00067.png
321 0.26588826 0.27314338 3.38660052 1 frame_00321.png
64 1.27097428 0.47289696 -3.36363142 1 frame_00064.png
66 0.97604082 0.53448831 -3.59491371 1 frame_00066.png
320 0.19289714 0.21242093 3.37498828 1 frame_00320.png
63 1.40937831 0.47205545 -3.24553914 1 frame_00063.png
319 0.07427960 0.09225075 3.35267568 1 frame_00319.png
62 1.52737003 0.44813915 -3.05382168 1 frame_00062.png
318 -0.10853749 -0.07059835 3.28695914 1 frame_00318.png
61 1.61065324 0.44475830 -2.89614913 1 frame_00061.png
317 -0.26016571 -0.26273108 3.16301291 1 frame_00317.png
60 1.71746453 0.43213397 -2.73066669 1 frame_00060.png
316 -0.36695356 -0.35943614 3.07617032 1 frame_00316.png
59 1.84401448 0.40933103 -2.58589180 1 frame_00059.png
315 -0.56807057 -0.45718110 2.98530467 1 frame_00315.png
58 1.97217905 0.41323584 -2.41005892 1 frame_00058.png
314 -0.78287686 -0.54789401 2.91917110 1 frame_00314.png
57 2.05698270 0.39619163 -2.19901541 1 frame_00057.png
313 -0.95517738 -0.58537076 2.82762570 1 frame_00313.png
56 2.13981040 0.38366635 -1.95650040 1 frame_00056.png
312 -1.11591320 -0.60201075 2.70651731 1 frame_00312.png
55 2.23181161 0.35946005 -1.79063469 1 frame_00055.png
311 -1.21880155 -0.58183043 2.64340595 1 frame_00311.png
54 2.33816936 0.33387764 -1.64577209 1 frame_00054.png
310 -1.39252874 -0.55946405 2.50746965 1 frame_00310.png
53 2.45195537 0.33921753 -1.48157589 1 frame_00053.png
293 -2.83143654 -0.36636698 -0.66977232 1 frame_00293.png
36 2.93249612 0.16612107 1.92881547 1 frame_00036.png
292 -2.83837738 -0.36938389 -0.87550712 1 frame_00292.png
35 2.86613114 0.16829467 2.13664653 1 frame_00035.png
291 -2.83032125 -0.37242383 -1.11455785 1 frame_00291.png
34 2.79526121 0.18966598 2.27705231 1 frame_00034.png
290 -2.80406416 -0.36980527 -1.34055727 1 frame_00290.png
33 2.65885469 0.19635030 2.41513706 1 frame_00033.png
289 -2.78894244 -0.35535148 -1.49023710 1 frame_00289.png
32 2.49686982 0.22301134 2.56409246 1 frame_00032.png
288 -2.73880714 -0.39159418 -1.77166287 1 frame_00288.png
31 2.36176711 0.22576569 2.71539039 1 frame_00031.png
287 -2.69655159 -0.39677530 -1.89806441 1 frame_00287.png
30 2.23836144 0.24922424 2.88300658 1 frame_00030.png
286 -2.64022969 -0.40137615 -2.06793984 1 frame_00286.png
29 2.08843255 0.27817022 2.98286639 1 frame_00029.png
285 -2.55063255 -0.41299702 -2.29103908 1 frame_00285.png
28 1.84251024 0.30072575 3.04626357 1 frame_00028.png
284 -2.48774240 -0.40415154 -2.43055203 1 frame_00284.png
27 1.65394044 0.31902202 3.07973096 1 frame_00027.png
283 -2.40546702 -0.42961154 -2.58111681 1 frame_00283.png
26 1.46943812 0.31955452 3.12591740 1 frame_00026.png
282 -2.28941202 -0.43185885 -2.72777291 1 frame_00282.png
25 1.32481531 0.35332132 3.15459024 1 frame_00025.png
281 -2.14132596 -0.43657415 -2.91013062 1 frame_00281.png
24 1.11332949 0.36165175 3.13965829 1 frame_00024.png
280 -2.03918382 -0.43752104 -3.01421172 1 frame_00280.png
23 0.90732925 0.37923815 3.13319959 1 frame_00023.png
279 -1.85209587 -0.42392383 -3.17243913 1 frame_00279.png
22 0.74442853 0.38851045 3.16244914 1 frame_00022.png
278 -1.62188036 -0.45130253 -3.36006484 1 frame_00278.png
21 0.59250702 0.39254487 3.21070047 1 frame_00021.png
277 -1.50299424 -0.45045338 -3.43450410 1 frame_00277.png
20 0.46891390 0.42324525 3.23479964 1 frame_00020.png
276 -1.30510570 -0.46340412 -3.54907771 1 frame_00276.png
19 0.27657402 0.43130889 3.18754230 1 frame_00019.png
275 -1.14489509 -0.47860225 -3.62225374 1 frame_00275.png
18 0.13944777 0.44028902 3.13562829 1 frame_00018.png
274 -1.00116791 -0.48491743 -3.67490113 1 frame_00274.png
17 -0.04696934 0.45138482 3.08467176 1 frame_00017.png
273 -0.77971516 -0.51210880 -3.68095630 1 frame_00273.png
16 -0.20153939 0.46652366 3.07533506 1 frame_00016.png
272 -0.65499549 -0.51850592 -3.68923937 1 frame_00272.png
15 -0.36397559 0.50107041 3.04869305 1 frame_00015.png
271 -0.51815617 -0.54058749 -3.70362889 1 frame_00271.png
14 -0.55914883 0.51299100 2.96476509 1 frame_00014.png
270 -0.33287024 -0.55443524 -3.71666478 1 frame_00270.png
13 -0.74013650 0.54653162 2.87796148 1 frame_00013.png
269 -0.19638235 -0.57062810 -3.72203410 1 frame_00269.png
12 -0.87691493 0.55904586 2.83193146 1 frame_00012.png
268 0.00456431 -0.61209577 -3.69405334 1 frame_00268.png
11 -1.04801913 0.58231483 2.77342785 1 frame_00011.png
267 0.09570872 -0.62562130 -3.68021747 1 frame_00267.png
10 -1.18263430 0.61083770 2.68731291 1 frame_00010.png
266 0.28818234 -0.66338048 -3.64611507 1 frame_00266.png
9 -1.29466925 0.59900822 2.53083641 1 frame_00009.png
265 0.43769527 -0.67858720 -3.60649861 1 frame_00265.png
8 -1.39637166 0.61719686 2.36804231 1 frame_00008.png
264 0.59688509 -0.70448913 -3.51875062 1 frame_00264.png
7 -1.52615169 0.61933534 2.19643812 1 frame_00007.png
128 1.21393130 0.87510151 2.99306429 1 frame_00128.png
129 1.38358974 0.86972250 2.89084912 1 frame_00129.png
130 1.61609548 0.84148855 2.76758884 1 frame_00130.png
131 1.80084771 0.82777316 2.66772916 1 frame_00131.png
132 1.95874222 0.80133953 2.53796858 1 frame_00132.png
133 2.08585661 0.79156570 2.36799983 1 frame_00133.png
134 2.22546752 0.77999733 2.16147225 1 frame_00134.png
135 2.38209519 0.76440374 1.97198545 1 frame_00135.png
136 2.48415048 0.77107943 1.78243652 1 frame_00136.png
137 2.53114105 0.75496267 1.51856717 1 frame_00137.png
138 2.55314477 0.76891768 1.31889316 1 frame_00138.png
139 2.59109541 0.74797641 1.10020660 1 frame_00139.png
140 2.64032600 0.75848886 0.87044691 1 frame_00140.png
141 2.64916776 0.75416450 0.67697985 1 frame_00141.png
142 2.62696535 0.75874261 0.46116173 1 frame_00142.png
143 2.60248182 0.77452852 0.23422077 1 frame_00143.png
144 2.56638153 0.76613210 0.02244811 1 frame_00144.png
145 2.52039316 0.78881469 -0.25329821 1 frame_00145.png
146 2.45579932 0.79043999 -0.45731130 1 frame_00146.png
147 2.35533716 0.82490475 -0.70665889 1 frame_00147.png
148 2.29417460 0.87432198 -0.86515126 1 frame_00148.png
149 2.25769362 0.92143557 -1.11479071 1 frame_00149.png
150 2.22023298 0.95097192 -1.31231630 1 frame_00150.png
151 2.17009568 0.95375371 -1.51734669 1 frame_00151.png
152 2.07381216 0.97810789 -1.75196409 1 frame_00152.png
153 2.01842301 0.98112907 -1.91122732 1 frame_00153.png
154 1.94934239 0.97472559 -2.11901786 1 frame_00154.png
155 1.86253627 0.99578192 -2.30902770 1 frame_00155.png
156 1.75459235 0.98276530 -2.48601417 1 frame_00156.png
157 1.58624376 1.01346390 -2.69445188 1 frame_00157.png
158 1.48868990 1.00879354 -2.83756369 1 frame_00158.png
159 1.38691572 1.02015635 -3.01889541 1 frame_00159.png
160 1.25067534 1.02258495 -3.20605368 1 frame_00160.png
161 1.13966050 1.01777479 -3.33218721 1 frame_00161.png
162 0.93273058 1.05254304 -3.51647597 1 frame_00162.png
163 0.83493345 1.04177613 -3.63548581 1 frame_00163.png
164 0.65884955 1.06196630 -3.80298382 1 frame_00164.png
165 0.51453508 1.05427724 -3.89123227 1 frame_00165.png
166 0.25712076 1.09793759 -3.98274733 1 frame_00166.png
167 0.05954943 1.11527681 -4.01385343 1 frame_00167.png
168 -0.17810257 1.14400290 -4.03724507 1 frame_00168.png
169 -0.39904752 1.17568073 -4.01617716 1 frame_00169.png
170 -0.55491451 1.18849531 -3.96998532 1 frame_00170.png
171 -0.80072760 1.25222488 -3.84798239 1 frame_00171.png
172 -1.01989205 1.26646743 -3.76401225 1 frame_00172.png
173 -1.24588216 1.29725679 -3.67405228 1 frame_00173.png
174 -1.43597483 1.29625044 -3.55162693 1 frame_00174.png
175 -1.59881322 1.29342129 -3.40901411 1 frame_00175.png
176 -1.77273646 1.32803236 -3.24675452 1 frame_00176.png
177 -1.93051373 1.33956883 -3.07312331 1 frame_00177.png
178 -2.06411470 1.36679240 -2.89638472 1 frame_00178.png
179 -2.17402331 1.34205530 -2.70933195 1 frame_00179.png
180 -2.29910511 1.35499911 -2.44546600 1 frame_00180.png
181 -2.37149491 1.35036290 -2.26911351 1 frame_00181.png
182 -2.47646958 1.33748809 -2.07688065 1 frame_00182.png
183 -2.57701485 1.36753730 -1.82567752 1 frame_00183.png
184 -2.60363237 1.35421195 -1.61071745 1 frame_00184.png
185 -2.60497607 1.35670728 -1.40734898 1 frame_00185.png
186 -2.60230908 1.35334966 -1.15152081 1 frame_00186.png
187 -2.61803279 1.34132650 -0.90779844 1 frame_00187.png
188 -2.61258099 1.34871833 -0.67035005 1 frame_00188.png
189 -2.54949141 1.32213138 -0.42097678 1 frame_00189.png
190 -2.49188487 1.32903718 -0.29224638 1 frame_00190.png
191 -2.38234907 1.35680150 0.02578596 1 frame_00191.png
192 -2.30586048 1.33784828 0.25742805 1 frame_00192.png
