# Key cameras from middle band, evenly spaced
46 0.76080702 -0.00737448 -0.61045681 -0.22013806 -3.06317458 -0.76227476 -0.02516413 1 frame_00046.png 2
50 0.80902078 -0.01623808 -0.55456866 -0.19410126 -2.84896224 -0.78332412 -0.82192409 1 frame_00050.png 2
54 0.83835843 -0.02166432 -0.51598546 -0.17448440 -2.44733126 -0.80638353 -1.72120367 1 frame_00054.png 2
58 0.85946722 -0.02041622 -0.48274658 -0.16689821 -2.06803938 -0.84474455 -2.56490283 1 frame_00058.png 2
63 0.91070975 -0.01203289 -0.38864336 -0.13935317 -1.48170278 -0.83436406 -3.49279191 1 frame_00063.png 2
67 0.95825969 -0.01096784 -0.26787022 -0.09931577 -0.84225899 -0.84740510 -4.06191343 1 frame_00067.png 2
71 0.99210378 -0.00427542 -0.11737959 -0.04397544 -0.06261976 -0.84713229 -4.47480441 1 frame_00071.png 2
76 0.99724458 0.00409689 0.06939140 0.02590923 0.88486083 -0.83021657 -4.56925855 1 frame_00076.png 2
80 0.97357027 0.00790751 0.21547639 0.07528833 1.70815547 -0.81617172 -4.29209630 1 frame_00080.png 2
84 0.93206273 0.01419952 0.34164016 0.11974741 2.40430072 -0.74484792 -3.77690845 1 frame_00084.png 2
89 0.84496743 0.01810191 0.50327601 0.18004341 3.12674987 -0.70737048 -2.86875463 1 frame_00089.png 2
93 0.75530132 0.02141235 0.61694002 0.22010552 3.36252714 -0.69207692 -1.96582027 1 frame_00093.png 2
97 0.65999757 0.03073485 0.70848131 0.24801779 3.27083635 -0.68621876 -1.02877876 1 frame_00097.png 2
101 0.56833792 0.03570752 0.77757910 0.26662280 3.03788199 -0.67637453 -0.13567228 1 frame_00101.png 2
106 0.50996625 0.03978406 0.81143379 0.28271340 2.53290521 -0.66803418 0.89705728 1 frame_00106.png 2
1 0.56601794 0.03874156 0.76535194 0.30390655 2.35788323 -0.64891262 1.55757215 1 frame_00001.png 2
4 0.55136832 0.04930330 0.77317905 0.30944517 2.22494493 -0.61869211 1.85125059 1 frame_00004.png 2
113 0.41760237 0.02810533 0.84669618 0.32851778 1.92370370 -0.67515148 2.34474335 1 frame_00113.png 2
9 0.44714747 0.06322090 0.82852168 0.33108019 1.65123228 -0.58340731 2.69394120 1 frame_00009.png 2
204 0.28041298 0.00686551 0.88402842 0.37391868 1.45926739 -0.98266657 2.94945483 1 frame_00204.png 2
118 0.22342087 0.00022250 0.89563600 0.38460267 1.18920707 -0.96826050 3.07985752 1 frame_00118.png 2
207 0.20860269 0.02656215 0.90432598 0.37144837 0.88831168 -0.58247502 3.35582920 1 frame_00207.png 2
16 0.16511250 0.06881773 0.90970989 0.37473978 0.47278580 -0.58753045 3.32386839 1 frame_00016.png 2
18 0.07906284 0.06592103 0.91703373 0.38529550 0.10347097 -0.60547477 3.40123697 1 frame_00018.png 2
20 0.00629611 0.05987342 0.91910278 0.38939133 -0.25082543 -0.63163688 3.52046853 1 frame_00020.png 2
24 -0.12722893 0.04355994 0.91303263 0.38508019 -0.95761097 -0.65329014 3.43936638 1 frame_00024.png 2
28 -0.25549517 0.02962022 0.89180519 0.37219399 -1.75567955 -0.68720756 3.36309340 1 frame_00028.png 2
33 -0.42222243 0.01934316 0.83747477 0.34639583 -2.67220182 -0.68792758 2.70522842 1 frame_00033.png 2
37 0.56263858 -0.00723920 -0.76791973 -0.30607958 -3.06511032 -0.68753688 1.97809555 1 frame_00037.png 2
41 0.67095646 0.00018611 -0.69284545 -0.26416393 -3.11302996 -0.71546752 1.14911757 1 frame_00041.png 2
